%YAML:1.0
---
rotation: !!opencv-matrix
   rows: 3
   cols: 3
   dt: d
   data: [ 9.9993017440435561e-01, -5.3261287897571844e-03,
       -1.0548870450897491e-02, 5.4098409238972703e-03,
       9.9995397818147091e-01, 7.9230764371278056e-03,
       1.0506185647180661e-02, -7.9795909146624291e-03,
       9.9991296930882012e-01 ]
translation: !!opencv-matrix
   rows: 3
   cols: 1
   dt: d
   data: [ -4.6268448307667326e-02, -9.9672209613220226e-04,
       1.1175357584191284e-02 ]
essential: !!opencv-matrix
   rows: 3
   cols: 3
   dt: d
   data: [ -7.0928654178755704e-05, -1.1166889839329808e-02,
       -1.0851785630710451e-03, 1.1660682165718765e-02,
       -4.2872468351638294e-04, 4.6146534133233198e-02,
       7.4634755427810374e-04, -4.6271627619787287e-02,
       -3.7710274483659050e-04 ]
fundamental: !!opencv-matrix
   rows: 3
   cols: 3
   dt: d
   data: [ -1.0044640276786299e-07, -1.5830670828487569e-05,
       2.7250973288152247e-03, 1.6545384157735179e-05,
       -6.0895584545789938e-07, 1.9511264790144790e-02,
       -7.5757490129271339e-03, -5.5037518514712391e-02, 1. ]
