%YAML:1.0
---
depthShift: -1.7793497184238834e+01
