%YAML:1.0
---
cameraMatrix: !!opencv-matrix
   rows: 3
   cols: 3
   dt: d
   data: [ 3.6076257289085942e+02, 0., 2.5600640209037402e+02, 0.,
       3.6038529140098149e+02, 2.0553758744745269e+02, 0., 0., 1. ]
distortionCoefficients: !!opencv-matrix
   rows: 1
   cols: 5
   dt: d
   data: [ 9.8468323028245042e-02, -2.9252319317400272e-01,
       -5.1343805146389983e-04, -1.3074988004280149e-03,
       1.1612158973770281e-01 ]
rotation: !!opencv-matrix
   rows: 3
   cols: 3
   dt: d
   data: [ 1., 0., 0., 0., 1., 0., 0., 0., 1. ]
projection: !!opencv-matrix
   rows: 4
   cols: 4
   dt: d
   data: [ 3.6076257289085942e+02, 0., 2.5600640209037402e+02, 0., 0.,
       3.6038529140098149e+02, 2.0553758744745269e+02, 0., 0., 0., 1.,
       0., 0., 0., 0., 1. ]
