%YAML:1.0
---
cameraMatrix: !!opencv-matrix
   rows: 3
   cols: 3
   dt: d
   data: [ 1.0740386009401616e+03, 0., 9.5332131552262899e+02, 0.,
       1.0719626696976675e+03, 5.3227595073804241e+02, 0., 0., 1. ]
distortionCoefficients: !!opencv-matrix
   rows: 1
   cols: 5
   dt: d
   data: [ 8.8136623337807113e-02, -1.5439060641196378e-01,
       -1.3634020208073499e-03, 2.2041361868673740e-04,
       7.1079488205965519e-02 ]
rotation: !!opencv-matrix
   rows: 3
   cols: 3
   dt: d
   data: [ 1., 0., 0., 0., 1., 0., 0., 0., 1. ]
projection: !!opencv-matrix
   rows: 4
   cols: 4
   dt: d
   data: [ 1.0740386009401616e+03, 0., 9.5332131552262899e+02, 0., 0.,
       1.0719626696976675e+03, 5.3227595073804241e+02, 0., 0., 0., 1.,
       0., 0., 0., 0., 1. ]
